1778598380966 1.32454 0
1778598452571 1.15164 1
1778598521719 1.1145 2
1778598794859 1.51219 0
1778598864021 1.38574 1
1778598940879 1.34306 2
1778599009530 1.30422 3
1778599079637 1.27968 4
1778599150138 1.22369 5
1778599223865 1.21615 6
1778599297565 1.19586 7
1778599369414 1.16906 8
1778599439378 1.16618 9
1778599513778 1.14699 10
1778599586098 1.1253 11
1778599660437 1.11023 12
1778599732233 1.09458 13
1778599803095 1.092 14
1778599873006 1.06981 15
1778599945853 1.06247 16
1778600018494 1.05718 17
