1778598380966 2.5415 0
1778598452571 1.46313 1
1778598521719 1.31846 2
1778598794859 2.04028 0
1778598864021 1.54535 1
1778598940879 1.42425 2
1778599009530 1.35038 3
1778599079637 1.27887 4
1778599150138 1.21109 5
1778599223865 1.19617 6
1778599297565 1.16145 7
1778599369414 1.142 8
1778599439378 1.11812 9
1778599513778 1.10259 10
1778599586098 1.08171 11
1778599660437 1.05707 12
1778599732233 1.03427 13
1778599803095 1.0269 14
1778599873006 1.00419 15
1778599945853 0.99203 16
1778600018494 0.98273 17
