1778598380966 1.3745 0
1778598452571 1.23884 1
1778598521719 1.21551 2
1778598794859 1.58336 0
1778598864021 1.48985 1
1778598940879 1.456 2
1778599009530 1.42673 3
1778599079637 1.40526 4
1778599150138 1.37006 5
1778599223865 1.36116 6
1778599297565 1.35065 7
1778599369414 1.33136 8
1778599439378 1.32721 9
1778599513778 1.31696 10
1778599586098 1.29659 11
1778599660437 1.28626 12
1778599732233 1.27687 13
1778599803095 1.27253 14
1778599873006 1.25902 15
1778599945853 1.25648 16
1778600018494 1.24996 17
