1778605989999 1.50972 0
1778606012923 1.43983 1
1778606034497 1.40965 2
1778606056264 1.3918 3
1778606078404 1.36822 4
1778606100337 1.34876 5
1778606122421 1.31321 6
1778606144948 1.29215 7
1778606167996 1.27201 8
1778606191013 1.25666 9
1778606213570 1.25648 10
1778606236573 1.24359 11
1778606260150 1.2219 12
1778606283071 1.20935 13
1778606306157 1.19598 14
1778606329507 1.18831 15
1778606352530 1.18412 16
1778606375735 1.17204 17
1778606398476 1.16577 18
1778606421663 1.14555 19
1778606444523 1.14444 20
1778606467806 1.12315 21
1778606490750 1.12285 22
1778606513600 1.09036 23
1778606536457 1.08909 24
1778606559876 1.07756 25
1778606583412 1.06955 26
1778606607156 1.05816 27
1778606630390 1.05711 28
1778606653149 1.04613 29
1778606676926 1.03319 30
1778606700772 1.0226 31
1778606723421 1.01243 32
1778606747609 1.01461 33
1778606771470 0.99645 34
1778606796489 0.99026 35
1778606820323 0.99284 36
1778606843765 0.9811 37
1778606866373 0.97248 38
1778606889403 0.96813 39
1778606914884 0.86963 40
1778606937591 0.86577 41
1778606959693 0.85333 42
1778606981921 0.84608 43
1778607004384 0.83987 44
1778607026871 0.84233 45
1778607049559 0.83528 46
1778607072364 0.83827 47
1778607094515 0.83126 48
1778607118397 0.83373 49
