1778605989999 1.60146 0
1778606012923 1.14253 1
1778606034497 1.04307 2
1778606056264 0.99006 3
1778606078404 0.96668 4
1778606100337 0.93743 5
1778606122421 0.89317 6
1778606144948 0.86321 7
1778606167996 0.84018 8
1778606191013 0.82581 9
1778606213570 0.81213 10
1778606236573 0.80008 11
1778606260150 0.77859 12
1778606283071 0.76657 13
1778606306157 0.75308 14
1778606329507 0.74355 15
1778606352530 0.7362 16
1778606375735 0.71212 17
1778606398476 0.7098 18
1778606421663 0.70421 19
1778606444523 0.68859 20
1778606467806 0.68241 21
1778606490750 0.67667 22
1778606513600 0.65516 23
1778606536457 0.65132 24
1778606559876 0.64051 25
1778606583412 0.62927 26
1778606607156 0.62784 27
1778606630390 0.62483 28
1778606653149 0.62065 29
1778606676926 0.60527 30
1778606700772 0.59957 31
1778606723421 0.58881 32
1778606747609 0.59286 33
1778606771470 0.58699 34
1778606796489 0.57237 35
1778606820323 0.5816 36
1778606843765 0.56982 37
1778606866373 0.56623 38
1778606889403 0.56342 39
1778606914884 0.46689 40
1778606937591 0.46235 41
1778606959693 0.45434 42
1778606981921 0.44929 43
1778607004384 0.44592 44
1778607026871 0.44616 45
1778607049559 0.44631 46
1778607072364 0.44678 47
1778607094515 0.44299 48
1778607118397 0.44285 49
