1778605989999 1.56599 0
1778606012923 1.48287 1
1778606034497 1.4616 2
1778606056264 1.43437 3
1778606078404 1.42363 4
1778606100337 1.40791 5
1778606122421 1.38635 6
1778606144948 1.37368 7
1778606167996 1.36069 8
1778606191013 1.34277 9
1778606213570 1.34187 10
1778606236573 1.3397 11
1778606260150 1.32227 12
1778606283071 1.31067 13
1778606306157 1.30907 14
1778606329507 1.29848 15
1778606352530 1.2911 16
1778606375735 1.28365 17
1778606398476 1.27884 18
1778606421663 1.26409 19
1778606444523 1.26334 20
1778606467806 1.25109 21
1778606490750 1.24849 22
1778606513600 1.23582 23
1778606536457 1.23144 24
1778606559876 1.22214 25
1778606583412 1.21418 26
1778606607156 1.2133 27
1778606630390 1.20867 28
1778606653149 1.20177 29
1778606676926 1.19432 30
1778606700772 1.18454 31
1778606723421 1.18226 32
1778606747609 1.18011 33
1778606771470 1.16898 34
1778606796489 1.16584 35
1778606820323 1.16756 36
1778606843765 1.16323 37
1778606866373 1.15813 38
1778606889403 1.14937 39
1778606914884 1.10905 40
1778606937591 1.10086 41
1778606959693 1.09456 42
1778606981921 1.09501 43
1778607004384 1.09087 44
1778607026871 1.08961 45
1778607049559 1.08526 46
1778607072364 1.08705 47
1778607094515 1.08142 48
1778607118397 1.08292 49
