1778605989999 0.00033200000000000005 0
1778606012923 0.0006646834560739003 1
1778606034497 0.0009947686481144658 2
1778606056264 0.000991232189110701 3
1778606078404 0.0009844486647586726 4
1778606100337 0.000975772975566101 5
1778606122421 0.0009652393605146845 6
1778606144948 0.0009528893909706797 7
1778606167996 0.0009387718066217125 8
1778606191013 0.0009229423231234974 9
1778606213570 0.000905463412215599 10
1778606236573 0.0008864040551740157 11
1778606260150 0.0008658394705735988 12
1778606283071 0.0008438508174347008 13
1778606306157 0.0008205248749256015 14
1778606329507 0.0007959536998847743 15
1778606352530 0.0007702342635146033 16
1778606375735 0.000743468068680349 17
1778606398476 0.0007157607493247109 18
1778606421663 0.0006872216535789157 19
1778606444523 0.0006579634122155991 20
1778606467806 0.0006281014941466031 21
1778606490750 0.0005977537507199337 22
1778606513600 0.0005670399506143307 23
1778606536457 0.0005360813071670102 24
1778606559876 0.0005050000000000001 25
1778606583412 0.0004739186928329898 26
1778606607156 0.0004429600493856694 27
1778606630390 0.0004122462492800664 28
1778606653149 0.0003818985058533969 29
1778606676926 0.0003520365877844013 30
1778606700772 0.0003227783464210845 31
1778606723421 0.000294239250675289 32
1778606747609 0.00026653193131965093 33
1778606771470 0.00023976573648539645 34
1778606796489 0.00021404630011522595 35
1778606820323 0.00018947512507439858 36
1778606843765 0.0001661491825652991 37
1778606866373 0.00014416052942640146 38
1778606889403 0.00012359594482598446 39
1778606914884 0.000104536587784401 40
1778606937591 8.705767687650267e-05 41
1778606959693 7.122819337828756e-05 42
1778606981921 5.711060902932042e-05 43
1778607004384 4.476063948531561e-05 44
1778607026871 3.422702443389891e-05 45
1778607049559 2.5551335241327577e-05 46
1778607072364 1.8767810889299018e-05 47
1778607094515 1.390322284933354e-05 48
1778607118397 1.0976769428005628e-05 49
