1778598380966 0.00016631652661064426 0
1778598452571 0.00032639012605042023 1
1778598521719 0.00047986372549019605 2
1778598794859 0.0003326330532212885 0
1778598864021 0.0006653158909481558 1
1778598940879 0.000995399230387956 2
1778599009530 0.000991232189110701 3
1778599079637 0.0009844486647586726 4
1778599150138 0.000975772975566101 5
1778599223865 0.0009652393605146845 6
1778599297565 0.0009528893909706797 7
1778599369414 0.0009387718066217125 8
1778599439378 0.0009229423231234974 9
1778599513778 0.000905463412215599 10
1778599586098 0.0008864040551740157 11
1778599660437 0.0008658394705735988 12
1778599732233 0.0008438508174347008 13
1778599803095 0.0008205248749256015 14
1778599873006 0.0007959536998847743 15
1778599945853 0.0007702342635146033 16
1778600018494 0.000743468068680349 17
