1778598386720 0.19634 0
1778598455955 0.20028 1
1778598525144 0.21597 2
1778598799003 0.13509 0
1778598867809 0.1625 1
1778598945431 0.1787 2
1778599013181 0.2085 3
1778599083412 0.21061 4
1778599153656 0.2242 5
1778599228869 0.22142 6
1778599301445 0.21905 7
1778599373232 0.23026 8
1778599443326 0.20107 9
1778599517493 0.23903 10
1778599590941 0.22694 11
1778599664101 0.24389 12
1778599736066 0.24721 13
1778599806893 0.26082 14
1778599877245 0.24934 15
1778599949485 0.25951 16
1778600023111 0.24102 17
