1778598386720 0.3022 0
1778598455955 0.3246 1
1778598525144 0.36152 2
1778598799003 0.23444 0
1778598867809 0.29672 1
1778598945431 0.33436 2
1778599013181 0.35514 3
1778599083412 0.35435 4
1778599153656 0.38604 5
1778599228869 0.38689 6
1778599301445 0.36429 7
1778599373232 0.3851 8
1778599443326 0.32648 9
1778599517493 0.40154 10
1778599590941 0.37869 11
1778599664101 0.4131 12
1778599736066 0.4104 13
1778599806893 0.42445 14
1778599877245 0.41234 15
1778599949485 0.42732 16
1778600023111 0.39515 17
