1778598386720 0.51681 0
1778598455955 0.34754 1
1778598525144 0.36511 2
1778598799003 0.35457 0
1778598867809 0.30325 1
1778598945431 0.26619 2
1778599013181 0.31558 3
1778599083412 0.3538 4
1778599153656 0.38119 5
1778599228869 0.40265 6
1778599301445 0.36673 7
1778599373232 0.42393 8
1778599443326 0.36324 9
1778599517493 0.38586 10
1778599590941 0.3474 11
1778599664101 0.45574 12
1778599736066 0.41655 13
1778599806893 0.41767 14
1778599877245 0.45825 15
1778599949485 0.46129 16
1778600023111 0.45001 17
