1778598386720 0.51893 0
1778598455955 0.60013 1
1778598525144 0.66586 2
1778598799003 0.36573 0
1778598867809 0.55674 1
1778598945431 0.56103 2
1778599013181 0.60268 3
1778599083412 0.60883 4
1778599153656 0.6339 5
1778599228869 0.69616 6
1778599301445 0.62624 7
1778599373232 0.66768 8
1778599443326 0.63343 9
1778599517493 0.70922 10
1778599590941 0.65947 11
1778599664101 0.73993 12
1778599736066 0.7259 13
1778599806893 0.72127 14
1778599877245 0.69127 15
1778599949485 0.70306 16
1778600023111 0.71273 17
