1778600404850 1.50576 0
1778600455290 1.38473 1
1778600512564 1.33845 2
1778600567248 1.29575 3
1778600621161 1.27229 4
1778600676005 1.22419 5
1778600730681 1.22274 6
1778600785251 1.2036 7
1778600839835 1.18668 8
1778600897855 1.18089 9
1778600953308 1.16605 10
1778601009806 1.15256 11
1778601065921 1.13898 12
1778601120608 1.12547 13
1778601175831 1.12417 14
1778601232140 1.10807 15
1778601285708 1.10481 16
1778601341216 1.09329 17
1778601397844 1.08766 18
1778601454511 1.08126 19
1778601509581 1.07798 20
1778601564283 1.06834 21
1778601621779 1.06044 22
1778601677615 1.05129 23
1778601732072 1.05513 24
1778601787931 1.0444 25
1778601843047 1.03063 26
1778601900776 1.03142 27
1778601959787 1.01918 28
1778602015415 1.02098 29
1778602072844 1.00663 30
1778602132575 1.0092 31
1778602188345 1.00363 32
1778602247235 0.99461 33
1778602305403 0.9926 34
1778602365521 0.99127 35
1778602422255 0.97806 36
1778602480803 0.97794 37
1778602535373 0.97125 38
1778602590030 0.97788 39
1778602644377 0.87712 40
1778602690698 0.86288 41
1778602737379 0.86295 42
1778602787236 0.85707 43
1778602834823 0.84927 44
1778602882475 0.84455 45
1778602928725 0.84059 46
1778602976973 0.84447 47
1778603025676 0.84032 48
1778603073683 0.83831 49
