1778600404850 2.05065 0
1778600455290 1.52947 1
1778600512564 1.39218 2
1778600567248 1.31233 3
1778600621161 1.25904 4
1778600676005 1.20471 5
1778600730681 1.18979 6
1778600785251 1.1617 7
1778600839835 1.14612 8
1778600897855 1.11767 9
1778600953308 1.11391 10
1778601009806 1.08975 11
1778601065921 1.07203 12
1778601120608 1.05231 13
1778601175831 1.04322 14
1778601232140 1.02612 15
1778601285708 1.01577 16
1778601341216 1.00912 17
1778601397844 1.00161 18
1778601454511 0.98746 19
1778601509581 0.98868 20
1778601564283 0.97576 21
1778601621779 0.98309 22
1778601677615 0.95822 23
1778601732072 0.95782 24
1778601787931 0.94959 25
1778601843047 0.9298 26
1778601900776 0.93137 27
1778601959787 0.92233 28
1778602015415 0.91918 29
1778602072844 0.90737 30
1778602132575 0.9113 31
1778602188345 0.90583 32
1778602247235 0.89792 33
1778602305403 0.89123 34
1778602365521 0.88335 35
1778602422255 0.87545 36
1778602480803 0.87183 37
1778602535373 0.86944 38
1778602590030 0.87021 39
1778602644377 0.73807 40
1778602690698 0.72001 41
1778602737379 0.7152 42
1778602787236 0.70752 43
1778602834823 0.70675 44
1778602882475 0.699 45
1778602928725 0.69907 46
1778602976973 0.69902 47
1778603025676 0.69986 48
1778603073683 0.69346 49
