1778600404850 1.5835 0
1778600455290 1.4859 1
1778600512564 1.44666 2
1778600567248 1.41248 3
1778600621161 1.39694 4
1778600676005 1.36091 5
1778600730681 1.36035 6
1778600785251 1.34812 7
1778600839835 1.33485 8
1778600897855 1.32757 9
1778600953308 1.3216 10
1778601009806 1.30781 11
1778601065921 1.29828 12
1778601120608 1.28982 13
1778601175831 1.28554 14
1778601232140 1.27416 15
1778601285708 1.27279 16
1778601341216 1.26356 17
1778601397844 1.25964 18
1778601454511 1.25327 19
1778601509581 1.25407 20
1778601564283 1.24194 21
1778601621779 1.2404 22
1778601677615 1.23524 23
1778601732072 1.23549 24
1778601787931 1.23011 25
1778601843047 1.21707 26
1778601900776 1.22169 27
1778601959787 1.21108 28
1778602015415 1.21205 29
1778602072844 1.20594 30
1778602132575 1.20441 31
1778602188345 1.19926 32
1778602247235 1.19106 33
1778602305403 1.19446 34
1778602365521 1.19515 35
1778602422255 1.1861 36
1778602480803 1.18197 37
1778602535373 1.18359 38
1778602590030 1.18144 39
1778602644377 1.14682 40
1778602690698 1.14088 41
1778602737379 1.13418 42
1778602787236 1.13328 43
1778602834823 1.12876 44
1778602882475 1.12259 45
1778602928725 1.12225 46
1778602976973 1.11878 47
1778603025676 1.12039 48
1778603073683 1.11675 49
