1778600404850 0.06706932773109245 0
1778600455290 0.03406867723548597 1
1778600512564 0.0010654272415924343 2
1778600567248 0.000991232189110701 3
1778600621161 0.0009844486647586726 4
1778600676005 0.000975772975566101 5
1778600730681 0.0009652393605146845 6
1778600785251 0.0009528893909706797 7
1778600839835 0.0009387718066217125 8
1778600897855 0.0009229423231234974 9
1778600953308 0.000905463412215599 10
1778601009806 0.0008864040551740157 11
1778601065921 0.0008658394705735988 12
1778601120608 0.0008438508174347008 13
1778601175831 0.0008205248749256015 14
1778601232140 0.0007959536998847743 15
1778601285708 0.0007702342635146033 16
1778601341216 0.000743468068680349 17
1778601397844 0.0007157607493247109 18
1778601454511 0.0006872216535789157 19
1778601509581 0.0006579634122155991 20
1778601564283 0.0006281014941466031 21
1778601621779 0.0005977537507199337 22
1778601677615 0.0005670399506143307 23
1778601732072 0.0005360813071670102 24
1778601787931 0.0005050000000000001 25
1778601843047 0.0004739186928329898 26
1778601900776 0.0004429600493856694 27
1778601959787 0.0004122462492800664 28
1778602015415 0.0003818985058533969 29
1778602072844 0.0003520365877844013 30
1778602132575 0.0003227783464210845 31
1778602188345 0.000294239250675289 32
1778602247235 0.00026653193131965093 33
1778602305403 0.00023976573648539645 34
1778602365521 0.00021404630011522595 35
1778602422255 0.00018947512507439858 36
1778602480803 0.0001661491825652991 37
1778602535373 0.00014416052942640146 38
1778602590030 0.00012359594482598446 39
1778602644377 0.000104536587784401 40
1778602690698 8.705767687650267e-05 41
1778602737379 7.122819337828756e-05 42
1778602787236 5.711060902932042e-05 43
1778602834823 4.476063948531561e-05 44
1778602882475 3.422702443389891e-05 45
1778602928725 2.5551335241327577e-05 46
1778602976973 1.8767810889299018e-05 47
1778603025676 1.390322284933354e-05 48
1778603073683 1.0976769428005628e-05 49
