1778605991837 0.63205 0
1778606013534 0.68495 1
1778606035160 0.77425 2
1778606056951 0.78417 3
1778606079050 0.8085 4
1778606101015 0.8148 5
1778606123240 0.78254 6
1778606145634 0.84363 7
1778606168637 0.82022 8
1778606191739 0.8239 9
1778606214201 0.85353 10
1778606237345 0.82372 11
1778606260826 0.84633 12
1778606283807 0.81511 13
1778606306919 0.78566 14
1778606330197 0.82993 15
1778606353245 0.82761 16
1778606376388 0.82569 17
1778606399163 0.82667 18
1778606422328 0.82937 19
1778606445190 0.83918 20
1778606468530 0.85767 21
1778606491423 0.85103 22
1778606514259 0.84805 23
1778606537193 0.84102 24
1778606560636 0.85262 25
1778606584171 0.85398 26
1778606607961 0.86575 27
1778606631122 0.84644 28
1778606653831 0.85481 29
1778606677830 0.85666 30
1778606701481 0.84597 31
1778606724105 0.83281 32
1778606748247 0.8429 33
1778606772214 0.85112 34
1778606797423 0.85463 35
1778606821250 0.83917 36
1778606844502 0.85328 37
1778606867187 0.85625 38
1778606890312 0.86204 39
1778606915595 0.85648 40
1778606938230 0.85073 41
1778606960373 0.84863 42
1778606982617 0.85182 43
1778607005036 0.85062 44
1778607027528 0.85099 45
1778607050299 0.85225 46
1778607073072 0.85208 47
1778607095325 0.85263 48
1778607119280 0.8518 49
1778607123816 0.85659244993717 49
