1778605991837 0.29672 0
1778606013534 0.3576 1
1778606035160 0.38688 2
1778606056951 0.42537 3
1778606079050 0.43877 4
1778606101015 0.43097 5
1778606123240 0.43654 6
1778606145634 0.46448 7
1778606168637 0.44852 8
1778606191739 0.46405 9
1778606214201 0.4624 10
1778606237345 0.44852 11
1778606260826 0.45792 12
1778606283807 0.45163 13
1778606306919 0.42418 14
1778606330197 0.45118 15
1778606353245 0.44946 16
1778606376388 0.44714 17
1778606399163 0.45232 18
1778606422328 0.45128 19
1778606445190 0.4586 20
1778606468530 0.46491 21
1778606491423 0.44644 22
1778606514259 0.44251 23
1778606537193 0.44784 24
1778606560636 0.46117 25
1778606584171 0.45678 26
1778606607961 0.46213 27
1778606631122 0.45263 28
1778606653831 0.4622 29
1778606677830 0.46996 30
1778606701481 0.46536 31
1778606724105 0.45502 32
1778606748247 0.45733 33
1778606772214 0.45874 34
1778606797423 0.46104 35
1778606821250 0.45703 36
1778606844502 0.45613 37
1778606867187 0.45539 38
1778606890312 0.46311 39
1778606915595 0.45886 40
1778606938230 0.45817 41
1778606960373 0.45732 42
1778606982617 0.45826 43
1778607005036 0.45603 44
1778607027528 0.45422 45
1778607050299 0.45521 46
1778607073072 0.45714 47
1778607095325 0.45744 48
1778607119280 0.4573 49
1778607123816 0.4704516899281637 49
