1778605991837 0.77942 0
1778606013534 0.73777 1
1778606035160 0.72224 2
1778606056951 0.84474 3
1778606079050 0.74021 4
1778606101015 0.75394 5
1778606123240 0.88283 6
1778606145634 0.76744 7
1778606168637 0.71936 8
1778606191739 0.7207 9
1778606214201 0.77997 10
1778606237345 0.88962 11
1778606260826 0.74818 12
1778606283807 0.79597 13
1778606306919 0.75333 14
1778606330197 0.87541 15
1778606353245 0.79269 16
1778606376388 0.83893 17
1778606399163 0.80521 18
1778606422328 0.82392 19
1778606445190 0.87603 20
1778606468530 0.82357 21
1778606491423 0.83054 22
1778606514259 0.83657 23
1778606537193 0.86857 24
1778606560636 0.85252 25
1778606584171 0.85544 26
1778606607961 0.89166 27
1778606631122 0.89102 28
1778606653831 0.82263 29
1778606677830 0.8417 30
1778606701481 0.81143 31
1778606724105 0.89959 32
1778606748247 0.92898 33
1778606772214 0.87908 34
1778606797423 0.85778 35
1778606821250 0.88967 36
1778606844502 0.86834 37
1778606867187 0.86287 38
1778606890312 0.83404 39
1778606915595 0.8369 40
1778606938230 0.81581 41
1778606960373 0.83203 42
1778606982617 0.84669 43
1778607005036 0.82284 44
1778607027528 0.82739 45
1778607050299 0.82487 46
1778607073072 0.81763 47
1778607095325 0.83538 48
1778607119280 0.82292 49
1778607123816 0.8407505758125208 49
