1778605991837 0.60481 0
1778606013534 0.62163 1
1778606035160 0.70017 2
1778606056951 0.67485 3
1778606079050 0.75384 4
1778606101015 0.7696 5
1778606123240 0.67532 6
1778606145634 0.82939 7
1778606168637 0.84243 8
1778606191739 0.83289 9
1778606214201 0.84694 10
1778606237345 0.71138 11
1778606260826 0.80496 12
1778606283807 0.7908 13
1778606306919 0.743 14
1778606330197 0.74055 15
1778606353245 0.7822 16
1778606376388 0.74801 17
1778606399163 0.78457 18
1778606422328 0.76454 19
1778606445190 0.76031 20
1778606468530 0.80353 21
1778606491423 0.79822 22
1778606514259 0.77984 23
1778606537193 0.7657 24
1778606560636 0.8232 25
1778606584171 0.80903 26
1778606607961 0.78744 27
1778606631122 0.76299 28
1778606653831 0.79828 29
1778606677830 0.80521 30
1778606701481 0.81615 31
1778606724105 0.75817 32
1778606748247 0.76354 33
1778606772214 0.77204 34
1778606797423 0.80214 35
1778606821250 0.75691 36
1778606844502 0.7896 37
1778606867187 0.81026 38
1778606890312 0.82654 39
1778606915595 0.80559 40
1778606938230 0.81935 41
1778606960373 0.80301 42
1778606982617 0.81398 43
1778607005036 0.81907 44
1778607027528 0.82269 45
1778607050299 0.8224 46
1778607073072 0.82642 47
1778607095325 0.82121 48
1778607119280 0.82122 49
1778607123816 0.8048984021479632 49
