1778600409953 0.16007 0
1778600458772 0.18738 1
1778600516013 0.17341 2
1778600571038 0.21619 3
1778600624825 0.21121 4
1778600679753 0.2309 5
1778600734261 0.21662 6
1778600789063 0.23628 7
1778600843770 0.22824 8
1778600901386 0.22957 9
1778600957043 0.24281 10
1778601013429 0.23996 11
1778601069855 0.24933 12
1778601124613 0.25436 13
1778601179683 0.26621 14
1778601235830 0.25555 15
1778601289394 0.25603 16
1778601345192 0.25397 17
1778601401648 0.25199 18
1778601458201 0.26147 19
1778601513358 0.25787 20
1778601567916 0.27058 21
1778601625642 0.26809 22
1778601681252 0.2761 23
1778601735907 0.27325 24
1778601791579 0.26978 25
1778601846700 0.27368 26
1778601904269 0.27627 27
1778601963266 0.26994 28
1778602019003 0.27581 29
1778602076527 0.27829 30
1778602136421 0.27846 31
1778602191894 0.28104 32
1778602251281 0.28282 33
1778602309222 0.28139 34
1778602369325 0.28291 35
1778602426458 0.27815 36
1778602484626 0.27624 37
1778602539008 0.27846 38
1778602593727 0.27823 39
1778602648089 0.27927 40
1778602694367 0.28381 41
1778602740947 0.28243 42
1778602791092 0.28343 43
1778602838440 0.28466 44
1778602886331 0.28639 45
1778602932450 0.28519 46
1778602980618 0.28545 47
1778603029527 0.28521 48
1778603077341 0.28587 49
1778603084594 0.286367166279195 49
