1778600409953 0.28506 0
1778600458772 0.3217 1
1778600516013 0.31197 2
1778600571038 0.36725 3
1778600624825 0.36099 4
1778600679753 0.40003 5
1778600734261 0.39089 6
1778600789063 0.39994 7
1778600843770 0.39886 8
1778600901386 0.39349 9
1778600957043 0.41549 10
1778601013429 0.40893 11
1778601069855 0.42184 12
1778601124613 0.42776 13
1778601179683 0.43738 14
1778601235830 0.42525 15
1778601289394 0.42724 16
1778601345192 0.41857 17
1778601401648 0.42753 18
1778601458201 0.43223 19
1778601513358 0.43118 20
1778601567916 0.44569 21
1778601625642 0.44043 22
1778601681252 0.45433 23
1778601735907 0.44818 24
1778601791579 0.44771 25
1778601846700 0.45211 26
1778601904269 0.45207 27
1778601963266 0.44443 28
1778602019003 0.45181 29
1778602076527 0.45376 30
1778602136421 0.45286 31
1778602191894 0.45727 32
1778602251281 0.45556 33
1778602309222 0.4559 34
1778602369325 0.45582 35
1778602426458 0.45645 36
1778602484626 0.45114 37
1778602539008 0.45616 38
1778602593727 0.45312 39
1778602648089 0.45083 40
1778602694367 0.45551 41
1778602740947 0.45389 42
1778602791092 0.45529 43
1778602838440 0.45578 44
1778602886331 0.45636 45
1778602932450 0.45548 46
1778602980618 0.45516 47
1778603029527 0.45553 48
1778603077341 0.45583 49
1778603084594 0.4560649739630108 49
