1778600409953 0.31343 0
1778600458772 0.31128 1
1778600516013 0.26477 2
1778600571038 0.3974 3
1778600624825 0.40898 4
1778600679753 0.45644 5
1778600734261 0.46663 6
1778600789063 0.45593 7
1778600843770 0.42465 8
1778600901386 0.46193 9
1778600957043 0.37068 10
1778601013429 0.4429 11
1778601069855 0.47633 12
1778601124613 0.49426 13
1778601179683 0.49002 14
1778601235830 0.45383 15
1778601289394 0.45349 16
1778601345192 0.46554 17
1778601401648 0.46794 18
1778601458201 0.43785 19
1778601513358 0.46256 20
1778601567916 0.49076 21
1778601625642 0.47576 22
1778601681252 0.5064 23
1778601735907 0.48245 24
1778601791579 0.48185 25
1778601846700 0.46615 26
1778601904269 0.49037 27
1778601963266 0.47309 28
1778602019003 0.48412 29
1778602076527 0.48586 30
1778602136421 0.47632 31
1778602191894 0.49327 32
1778602251281 0.48865 33
1778602309222 0.49093 34
1778602369325 0.49372 35
1778602426458 0.4887 36
1778602484626 0.47749 37
1778602539008 0.49344 38
1778602593727 0.48449 39
1778602648089 0.49306 40
1778602694367 0.49645 41
1778602740947 0.48405 42
1778602791092 0.48885 43
1778602838440 0.49392 44
1778602886331 0.49523 45
1778602932450 0.48964 46
1778602980618 0.49326 47
1778603029527 0.49179 48
1778603077341 0.49206 49
1778603084594 0.49581313250604914 49
