1778600409953 0.48299 0
1778600458772 0.60165 1
1778600516013 0.5554 2
1778600571038 0.65995 3
1778600624825 0.652 4
1778600679753 0.63412 5
1778600734261 0.67946 6
1778600789063 0.70386 7
1778600843770 0.65748 8
1778600901386 0.688 9
1778600957043 0.72275 10
1778601013429 0.71461 11
1778601069855 0.72378 12
1778601124613 0.74233 13
1778601179683 0.74423 14
1778601235830 0.70776 15
1778601289394 0.71968 16
1778601345192 0.72624 17
1778601401648 0.73074 18
1778601458201 0.74367 19
1778601513358 0.68681 20
1778601567916 0.73425 21
1778601625642 0.73897 22
1778601681252 0.76439 23
1778601735907 0.75857 24
1778601791579 0.74627 25
1778601846700 0.75896 26
1778601904269 0.76827 27
1778601963266 0.74436 28
1778602019003 0.76908 29
1778602076527 0.75122 30
1778602136421 0.74314 31
1778602191894 0.76708 32
1778602251281 0.75631 33
1778602309222 0.76628 34
1778602369325 0.76306 35
1778602426458 0.76594 36
1778602484626 0.74806 37
1778602539008 0.77225 38
1778602593727 0.75846 39
1778602648089 0.74952 40
1778602694367 0.76573 41
1778602740947 0.76218 42
1778602791092 0.75493 43
1778602838440 0.76322 44
1778602886331 0.76344 45
1778602932450 0.76042 46
1778602980618 0.75921 47
1778603029527 0.76099 48
1778603077341 0.76005 49
1778603084594 0.7625975241454039 49
